[ 12
[ 13
[ 15
[ 16
] 16
[ 19
[ 20
] 20
] 19
] 15
] 13
[ 37
[ 39
] 39
] 37
[ 48
] 48
[ 52
] 52
[ 58
[ 60
[ 61
] 61
] 60
[ 70
] 70
[ 74
] 74
[ 82
[ 85
[ 87
] 87
[ 94
] 94
[ 101
] 101
] 85
[ 109
] 109
] 82
[ 113
[ 115
] 115
] 113
[ 124
[ 127
[ 129
] 129
[ 136
] 136
[ 143
] 143
] 127
[ 151
] 151
] 124
] 58
[ 157
] 157
[ 161
] 161
[ 167
] 167
[ 172
[ 175
[ 177
[ 179
] 179
[ 187
[ 189
[ 190
] 190
] 189
] 187
[ 203
] 203
] 177
[ 213
[ 215
] 215
] 213
] 175
[ 229
] 229
[ 232
] 232
[ 239
[ 240
] 240
[ 244
[ 246
[ 249
] 249
[ 257
[ 258
] 258
[ 265
] 265
] 257
] 246
[ 280
[ 282
[ 285
] 285
] 282
] 280
[ 296
[ 301
] 301
] 296
] 244
] 239
[ 310
] 310
[ 314
[ 316
[ 317
[ 319
] 319
[ 330
] 330
[ 336
] 336
[ 339
] 339
[ 346
[ 347
] 347
[ 351
[ 353
[ 358
[ 359
[ 362
] 362
] 359
] 358
[ 371
] 371
] 353
] 351
] 346
] 317
[ 386
[ 388
[ 390
[ 392
] 392
[ 398
[ 400
[ 401
] 401
] 400
] 398
[ 414
] 414
] 390
[ 422
[ 424
] 424
] 422
] 388
] 386
[ 437
[ 439
] 439
[ 446
] 446
[ 454
] 454
] 437
[ 462
] 462
] 316
[ 466
] 466
] 314
[ 474
[ 477
[ 479
] 479
[ 486
] 486
[ 494
] 494
] 477
[ 502
] 502
] 474
] 172
] 12
